1000010120220190131012              0
    11000000000                 16435596757        9637548271        9249576274       16823568754
    21010000000                 15477850473        9560244734        9163926001       15874169206
    31020000000                   957746284          77303537          85650273         949399548
    41100000000                  4181751629        6993983305        6562053711        4613681223
    51101000000                   254779334        2549947645        2590158589         214568390
    61101010000                   104597514        1421220686        1466352723          59465477
    71101020000                   150181820        1128726959        1123805866         155102913
    81103000000                  3158968712        3905479075        3452826369        3611621418
    91103010000                  2767683162        3820087874        3425408194        3162362842
   101103030000                   391285550          85391201          27418175         449258576
   111107000000                   726012231         531646021         489587455         768070797
   121107010000                      550000               000               000            550000
   131107020000                     2343000               000               000           2343000
   141107090000                   723119231         531646021         489587455         765177797
   151108000000                    41991352           6910564          29481298          19420618
   161108030000                    24355380           4918292          14204068          15069604
   171108070000                    17635972           1992272          15277230           4351014
   181110000000                  3229054212        6925744054        6486101359        3668696907
   191111000000                   218410300        2500670004        2526917394         192162910
   201111010000                    79228169        1380189197        1407909480          51507886
   211111020000                   139182131        1120480807        1119007914         140655024
   221113000000                  2251767802        3887874976        3441971747        2697671031
   231113010000                  1860482252        3802483775        3414553572        2248412455
   241113030000                   391285550          85391201          27418175         449258576
   251117000000                   726012231         531646021         489587455         768070797
   261117010000                      550000               000               000            550000
   271117020000                     2343000               000               000           2343000
   281117090000                   723119231         531646021         489587455         765177797
   291118000000                    32863879           5553053          27624763          10792169
   301118030000                    15227907           3560781          12347533           6441155
   311118070000                    17635972           1992272          15277230           4351014
   321120000000                   952697417          68239251          75952352         944984316
   331121000000                    36369034          49277641          63241195          22405480
   341121010000                    25369345          41031489          58443243           7957591
   351121020000                    10999689           8246152           4797952          14447889
   361123000000                   907200910          17604099          10854622         913950387
   371123010000                   907200910          17604099          10854622         913950387
   381128000000                     9127473           1357511           1856535           8628449
   391128030000                     9127473           1357511           1856535           8628449
   401400000000                 11500650628        1646753400        1690228197       11457175831
   411401000000                 11494495891        1274135623        1322651640       11445979874
   421401020000                  2173268144         378450410         310454328        2241264226
   431401020600                  2173268144         378450410         310454328        2241264226
   441401030000                  6327760082         757026583         736074996        6348711669
   451401030600                  6327760082         757026583         736074996        6348711669
   461401030603                  6327760082         757026583         736074996        6348711669
   471401040000                   111150591               000           1987695         109162896
   481401040600                   111150591               000           1987695         109162896
   491401040601                   111150591               000           1987695         109162896
   501401120000                    27045898           1870751           9586219          19330430
   511401120600                    27045898           1870751           9586219          19330430
   521401130000                  2855271176         136787879         264548402        2727510653
   531401130600                  2855271176         136787879         264548402        2727510653
   541404000000                    99185429            814813          21236536          78763706
   551404020000                    28492462            109523           4028647          24573338
   561404020600                    28492462            109523           4028647          24573338
   571404030000                    18548509            705290           1694616          17559183
   581404030600                    18548509            705290           1694616          17559183
   591404030603                    18548509            705290           1694616          17559183
   601404040000                     3324318               000             53624           3270694
   611404040600                     3324318               000             53624           3270694
   621404040601                     3324318               000             53624           3270694
   631404120000                         014               000               001               013
   641404120600                         014               000               001               013
   651404130000                    48820126               000          15459648          33360478
   661404130600                    48820126               000          15459648          33360478
   671405000000                   217906690         119140310          75103914         261943086
   681405020000                   106786057          35508868          20397025         121897900
   691405020600                   106786057          35508868          20397025         121897900
   701405030000                    68877695          45290013          37458215          76709493
   711405030600                    68877695          45290013          37458215          76709493
   721405030603                    68877695          45290013          37458215          76709493
   731405040000                      114733            217044            212070            119707
   741405040600                      114733            217044            212070            119707
   751405040601                      114733            217044            212070            119707
   761405120000                    11421209            801323           2231074           9991458
   771405120600                    11421209            801323           2231074           9991458
   781405130000                    30706996          37323062          14805530          53224528
   791405130600                    30706996          37323062          14805530          53224528
   801406000000                   422013479          19772366           7888434         433897411
   811406020000                   161387647           6107780           2380171         165115256
   821406020600                   161387647           6107780           2380171         165115256
   831406030000                    76625842           5664389            756166          81534065
   841406030600                    76625842           5664389            756166          81534065
   851406030603                    76625842           5664389            756166          81534065
   861406040000                     2027262               000               000           2027262
   871406040600                     2027262               000               000           2027262
   881406040601                     2027262               000               000           2027262
   891406130000                   181972728           8000197           4752097         185220828
   901406130600                   181972728           8000197           4752097         185220828
   911408000000                    99313934         223577086         229748005          93143015
   921408020000                    30185206          62385803          62698563          29872446
   931408030000                    44975486         135595837         140164878          40406445
   941408040000                      621649               000             68393            553256
   951408120000                      180051               333             41551            138833
   961408130000                    23351542          25595113          26774620          22172035
   971409000000                  -832264795           9313202          33599668        -856551261
   981409020000                  -289229117           2071664          17525266        -304682719
   991409020100                  -268479186           2022599          16686008        -283142595
  1001409020200                   -20749931             49065            839258         -21540124
  1011409020201                   -20749931             49065            839258         -21540124
  1021409030000                  -286822200           5086171           8590631        -290326660
  1031409030100                  -227595830           4687813           8244681        -231152698
  1041409030200                   -59226370            398358            345950         -59173962
  1051409030201                   -59226370            398358            345950         -59173962
  1061409040000                    -4186895             64516             11737          -4134116
  1071409040100                    -3484406             51715             11737          -3444428
  1081409040200                     -702489             12801               000           -689688
  1091409040201                     -702489             12801               000           -689688
  1101409120000                    -1127253            282754           1103636          -1948135
  1111409120100                     -885122            154977           1025685          -1755830
  1121409120200                     -242131            127777             77951           -192305
  1131409120201                     -242131            127777             77951           -192305
  1141409130000                  -250899330           1808097           6368398        -255459631
  1151409130100                  -223451332            533181           6319565        -229237716
  1161409130200                   -27447998           1274916             48833         -26221915
  1171409130201                   -27447998           1274916             48833         -26221915
  1181410000000                 11495601505        1646743419        1689456403       11452888521
  1191411000000                 11494495891        1274135623        1322651640       11445979874
  1201411020000                  2173268144         378450410         310454328        2241264226
  1211411020600                  2173268144         378450410         310454328        2241264226
  1221411030000                  6327760082         757026583         736074996        6348711669
  1231411030600                  6327760082         757026583         736074996        6348711669
  1241411030603                  6327760082         757026583         736074996        6348711669
  1251411040000                   111150591               000           1987695         109162896
  1261411040600                   111150591               000           1987695         109162896
  1271411040601                   111150591               000           1987695         109162896
  1281411120000                    27045898           1870751           9586219          19330430
  1291411120600                    27045898           1870751           9586219          19330430
  1301411130000                  2855271176         136787879         264548402        2727510653
  1311411130600                  2855271176         136787879         264548402        2727510653
  1321414000000                    94140466            814813          20480730          74474549
  1331414020000                    28492462            109523           4028647          24573338
  1341414020600                    28492462            109523           4028647          24573338
  1351414030000                    18548509            705290           1694616          17559183
  1361414030600                    18548509            705290           1694616          17559183
  1371414030603                    18548509            705290           1694616          17559183
  1381414040000                     3324318               000             53624           3270694
  1391414040600                     3324318               000             53624           3270694
  1401414040601                     3324318               000             53624           3270694
  1411414130000                    43775177               000          14703843          29071334
  1421414130600                    43775177               000          14703843          29071334
  1431415000000                   217906690         119140310          75103914         261943086
  1441415020000                   106786057          35508868          20397025         121897900
  1451415020600                   106786057          35508868          20397025         121897900
  1461415030000                    68877695          45290013          37458215          76709493
  1471415030600                    68877695          45290013          37458215          76709493
  1481415030603                    68877695          45290013          37458215          76709493
  1491415040000                      114733            217044            212070            119707
  1501415040600                      114733            217044            212070            119707
  1511415040601                      114733            217044            212070            119707
  1521415120000                    11421209            801323           2231074           9991458
  1531415120600                    11421209            801323           2231074           9991458
  1541415130000                    30706996          37323062          14805530          53224528
  1551415130600                    30706996          37323062          14805530          53224528
  1561416000000                   422013479          19772366           7888434         433897411
  1571416020000                   161387647           6107780           2380171         165115256
  1581416020600                   161387647           6107780           2380171         165115256
  1591416030000                    76625842           5664389            756166          81534065
  1601416030600                    76625842           5664389            756166          81534065
  1611416030603                    76625842           5664389            756166          81534065
  1621416040000                     2027262               000               000           2027262
  1631416040600                     2027262               000               000           2027262
  1641416040601                     2027262               000               000           2027262
  1651416130000                   181972728           8000197           4752097         185220828
  1661416130600                   181972728           8000197           4752097         185220828
  1671418000000                    99259326         223576753         229734109          93101970
  1681418020000                    30185206          62385803          62698563          29872446
  1691418030000                    44975486         135595837         140164878          40406445
  1701418040000                      621649               000             68393            553256
  1711418120000                      125443               000             27655             97788
  1721418130000                    23351542          25595113          26774620          22172035
  1731419000000                  -832214347           9303554          33597576        -856508369
  1741419020000                  -289229117           2071664          17525266        -304682719
  1751419020100                  -268479186           2022599          16686008        -283142595
  1761419020200                   -20749931             49065            839258         -21540124
  1771419020201                   -20749931             49065            839258         -21540124
  1781419030000                  -286822200           5086171           8590631        -290326660
  1791419030100                  -227595830           4687813           8244681        -231152698
  1801419030200                   -59226370            398358            345950         -59173962
  1811419030201                   -59226370            398358            345950         -59173962
  1821419040000                    -4186895             64516             11737          -4134116
  1831419040100                    -3484406             51715             11737          -3444428
  1841419040200                     -702489             12801               000           -689688
  1851419040201                     -702489             12801               000           -689688
  1861419120000                    -1127253            282754           1103636          -1948135
  1871419120100                     -885122            154977           1025685          -1755830
  1881419120200                     -242131            127777             77951           -192305
  1891419120201                     -242131            127777             77951           -192305
  1901419130000                  -250848882           1798449           6366306        -255416739
  1911419130100                  -223451332            533181           6319565        -229237716
  1921419130200                   -27397550           1265268             46741         -26179023
  1931419130201                   -27397550           1265268             46741         -26179023
  1941420000000                     5049123              9981            771794           4287310
  1951424000000                     5044963               000            755806           4289157
  1961424120000                         014               000               001               013
  1971424120600                         014               000               001               013
  1981424130000                     5044949               000            755805           4289144
  1991424130600                     5044949               000            755805           4289144
  2001428000000                       54608               333             13896             41045
  2011428120000                       54608               333             13896             41045
  2021429000000                      -50448              9648              2092            -42892
  2031429130000                      -50448              9648              2092            -42892
  2041429130200                      -50448              9648              2092            -42892
  2051429130201                      -50448              9648              2092            -42892
  2061500000000                   129391043          28818031          26521363         131687711
  2071505000000                      563677               000               000            563677
  2081505090000                      563677               000               000            563677
  2091506000000                      225226            594705            513456            306475
  2101506190000                      225226            594705            513456            306475
  2111507000000                   148876161          28222884          26007907         151091138
  2121507010000                     1056543               000               000           1056543
  2131507020000                       34807          13504864          13515433             24238
  2141507030000                    22538214           3681653           3663365          22556502
  2151507190000                   125246597          11036367           8829109         127453855
  2161509000000                   -20274021               442               000         -20273579
  2171509070000                   -20274021               442               000         -20273579
  2181509070100                    -1099056               000               000          -1099056
  2191509071900                   -19174965               442               000         -19174523
  2201510000000                   129391307          28817575          26520911         131687971
  2211515000000                      563677               000               000            563677
  2221515090000                      563677               000               000            563677
  2231516000000                      225490            594691            513446            306735
  2241516190000                      225490            594691            513446            306735
  2251517000000                   148837958          28222884          26007465         151053377
  2261517010000                     1056543               000               000           1056543
  2271517020000                       34807          13504864          13515433             24238
  2281517030000                    22538214           3681653           3663365          22556502
  2291517190000                   125208394          11036367           8828667         127416094
  2301519000000                   -20235818               000               000         -20235818
  2311519070000                   -20235818               000               000         -20235818
  2321519070100                    -1099056               000               000          -1099056
  2331519071900                   -19136762               000               000         -19136762
  2341520000000                        -264               456               452              -260
  2351526000000                        -264               014               010              -260
  2361526190000                        -264               014               010              -260
  2371527000000                       38203               000               442             37761
  2381527190000                       38203               000               442             37761
  2391529000000                      -38203               442               000            -37761
  2401529070000                      -38203               442               000            -37761
  2411529071900                      -38203               442               000            -37761
  2421700000000                      162823               000               000            162823
  2431701000000                      162823               000               000            162823
  2441701020000                      162823               000               000            162823
  2451710000000                      162823               000               000            162823
  2461711000000                      162823               000               000            162823
  2471711020000                      162823               000               000            162823
  2481800000000                   532300551           3372958           9133157         526540352
  2491801000000                    19639443               000               000          19639443
  2501801010000                    19639443               000               000          19639443
  2511802000000                   699699076           1194734               000         700893810
  2521802010000                   637164621            869734               000         638034355
  2531802020000                    62534455            325000               000          62859455
  2541803000000                   423658281            736790               000         424395071
  2551803010000                    85704789            391790               000          86096579
  2561803020000                   282868242            345000               000         283213242
  2571803090000                    55085250               000               000          55085250
  2581804000000                    63985771               000               000          63985771
  2591804010000                    52841471               000               000          52841471
  2601804020000                    11144300               000               000          11144300
  2611806000000                      869734           1441434           1150934           1160234
  2621806020000                      869734           1441434           1150934           1160234
  2631807000000                    30441074               000               000          30441074
  2641807010000                    30441074               000               000          30441074
  2651809000000                  -705992828               000           7982223        -713975051
  2661809020000                  -323908532               000           3500492        -327409024
  2671809030000                  -324127368               000           3348942        -327476310
  2681809040000                   -40293714               000            623996         -40917710
  2691809070000                   -17663214               000            508793         -18172007
  2701810000000                   532300551           3372958           9133157         526540352
  2711811000000                    19639443               000               000          19639443
  2721811010000                    19639443               000               000          19639443
  2731812000000                   699699076           1194734               000         700893810
  2741812010000                   637164621            869734               000         638034355
  2751812020000                    62534455            325000               000          62859455
  2761813000000                   423658281            736790               000         424395071
  2771813010000                    85704789            391790               000          86096579
  2781813020000                   282868242            345000               000         283213242
  2791813090000                    55085250               000               000          55085250
  2801814000000                    63985771               000               000          63985771
  2811814010000                    52841471               000               000          52841471
  2821814020000                    11144300               000               000          11144300
  2831816000000                      869734           1441434           1150934           1160234
  2841816020000                      869734           1441434           1150934           1160234
  2851817000000                    30441074               000               000          30441074
  2861817010000                    30441074               000               000          30441074
  2871819000000                  -705992828               000           7982223        -713975051
  2881819020000                  -323908532               000           3500492        -327409024
  2891819030000                  -324127368               000           3348942        -327476310
  2901819040000                   -40293714               000            623996         -40917710
  2911819070000                   -17663214               000            508793         -18172007
  2921900000000                    91340083         964620577         961639846          94320814
  2931901000000                    19196331          10104363          10417712          18882982
  2941901010000                    12929587           4247895           5086124          12091358
  2951901040000                      615716               000            127054            488662
  2961901060000                         000            815150            631340            183810
  2971901070000                     5651028           5041318           4573194           6119152
  2981903000000                    13058242               000               000          13058242
  2991903020000                    13058242               000               000          13058242
  3001903020100                    13058242               000               000          13058242
  3011904000000                    27076171            566400            846996          26795575
  3021904030000                   173886461            566400               000         174452861
  3031904090000                  -146810290               000            846996        -147657286
  3041904090300                  -146810290               000            846996        -147657286
  3051906000000                     3681404               000           1468013           2213391
  3061906010000                      162204               000             49513            112691
  3071906020000                      439000               000            439000               000
  3081906090000                     3080200               000            979500           2100700
  3091908000000                    28327820          64637861          59576346          33389335
  3101908020000                      250000            112032            212032            150000
  3111908050000                    25707080               000               000          25707080
  3121908060000                     2370740          42719592          37869374           7220958
  3131908070000                         000          11827855          11516558            311297
  3141908090000                         000           9978382           9978382               000
  3151909000000                         115         889311953         889330779            -18711
  3161909010000                         115         889311953         889330779            -18711
  3171910000000                    91340075         955566728         952714171          94192632
  3181911000000                    19196331          10104363          10417712          18882982
  3191911010000                    12929587           4247895           5086124          12091358
  3201911040000                      615716               000            127054            488662
  3211911060000                         000            815150            631340            183810
  3221911070000                     5651028           5041318           4573194           6119152
  3231913000000                    13058242               000               000          13058242
  3241913020000                    13058242               000               000          13058242
  3251913020100                    13058242               000               000          13058242
  3261914000000                    27076171            566400            846996          26795575
  3271914030000                   173886461            566400               000         174452861
  3281914090000                  -146810290               000            846996        -147657286
  3291914090300                  -146810290               000            846996        -147657286
  3301916000000                     3681404               000           1468013           2213391
  3311916010000                      162204               000             49513            112691
  3321916020000                      439000               000            439000               000
  3331916090000                     3080200               000            979500           2100700
  3341918000000                    28327820          64509687          59576346          33261161
  3351918020000                      250000            112032            212032            150000
  3361918050000                    25707080               000               000          25707080
  3371918060000                     2370740          42591418          37869374           7092784
  3381918070000                         000          11827855          11516558            311297
  3391918090000                         000           9978382           9978382               000
  3401919000000                         107         880386278         880405104            -18719
  3411919010000                         107         880386278         880405104            -18719
  3421920000000                         008           9053849           8925675            128182
  3431928000000                         000            128174               000            128174
  3441928060000                         000            128174               000            128174
  3451929000000                         008           8925675           8925675               008
  3461929010000                         008           8925675           8925675               008
  3472000000000                 10814948104        3169911809        3463476630       11108512925
  3482010000000                  9874952695        3109693695        3411008785       10176267785
  3492020000000                   939995409          60218114          52467845         932245140
  3502100000000                  9410145409        1168467215        1394299018        9635977212
  3512102000000                  2829361531         664128973         724970508        2890203066
  3522102010000                  2829290810         664128973         724970508        2890132345
  3532102010100                  2783423933         640140024         705481560        2848765469
  3542102010200                    45866877          23988949          19488948          41366876
  3552102020000                       70721               000               000             70721
  3562102020100                       70721               000               000             70721
  3572103000000                  6343166047         467080365         633492550        6509578232
  3582103030000                  6343166047         467080365         633492550        6509578232
  3592103030100                  6324244570         467080365         633462586        6490626791
  3602103030200                    18921477               000             29964          18951441
  3612107000000                      193916            357243            246665             83338
  3622107020000                      193916            357243            246665             83338
  3632107020100                      193916            357243            246665             83338
  3642108000000                   237423915          36900634          35589295         236112576
  3652108020000                       10397           2233377           2233718             10738
  3662108020100                       10397           2233377           2233718             10738
  3672108030000                   237413518          34667257          33355577         236101838
  3682108030100                   237413518          34667257          33355577         236101838
  3692110000000                  8481422698        1119606028        1353125660        8714942330
  3702112000000                  2433359289         632833354         691955592        2492481527
  3712112010000                  2433288568         632833354         691955592        2492410806
  3722112010100                  2388916351         608861704         672468222        2452522869
  3732112010200                    44372217          23971650          19487370          39887937
  3742112020000                       70721               000               000             70721
  3752112020100                       70721               000               000             70721
  3762113000000                  5815970737         450074624         625916766        5991812879
  3772113030000                  5815970737         450074624         625916766        5991812879
  3782113030100                  5797049260         450074624         625886802        5972861438
  3792113030200                    18921477               000             29964          18951441
  3802117000000                      193916            357243            246665             83338
  3812117020000                      193916            357243            246665             83338
  3822117020100                      193916            357243            246665             83338
  3832118000000                   231898756          36340807          35006637         230564586
  3842118020000                        9752           2062782           2063094             10064
  3852118020100                        9752           2062782           2063094             10064
  3862118030000                   231889004          34278025          32943543         230554522
  3872118030100                   231889004          34278025          32943543         230554522
  3882120000000                   928722711          48861187          41173358         921034882
  3892122000000                   396002242          31295619          33014916         397721539
  3902122010000                   396002242          31295619          33014916         397721539
  3912122010100                   394507582          31278320          33013338         396242600
  3922122010200                     1494660             17299              1578           1478939
  3932123000000                   527195310          17005741           7575784         517765353
  3942123030000                   527195310          17005741           7575784         517765353
  3952123030100                   527195310          17005741           7575784         517765353
  3962128000000                     5525159            559827            582658           5547990
  3972128020000                         645            170595            170624               674
  3982128020100                         645            170595            170624               674
  3992128030000                     5524514            389232            412034           5547316
  4002128030100                     5524514            389232            412034           5547316
  4012500000000                   426898080         102557616         100694771         425035235
  4022504000000                   371798837          13569690          13967027         372196174
  4032504060000                      200000               000             40000            240000
  4042504190000                   371598837          13569690          13927027         371956174
  4052505000000                    21284781          46540354          49981436          24725863
  4062505020000                     5624742            342013           2997119           8279848
  4072505040000                    15660039          44383560          45330964          16607443
  4082505060000                         000           1078560           1162560             84000
  4092505090000                         000            736221            490793           -245428
  4102506000000                    16149911          30931630          26382739          11601020
  4112506010000                     5477124          10683614           7678903           2472413
  4122506020000                    10672787          20248016          18703836           9128607
  4132507000000                    17664551          11515942          10363569          16512178
  4142507030000                    10409652           3539639           3579898          10449911
  4152507030100                     6119407               000               000           6119407
  4162507030200                       66761             66813             72726             72674
  4172507030300                     4223484           3472826           3507172           4257830
  4182507040000                     4161813           4147609           4032412           4046616
  4192507050000                     2277286           2486694           2029059           1819651
  4202507060000                      815800           1342000            722200            196000
  4212510000000                   426345172         102036079         100111725         424420818
  4222514000000                   371670663          13567461          13966280         372069482
  4232514060000                      200000               000             40000            240000
  4242514190000                   371470663          13567461          13926280         371829482
  4252515000000                    20959550          46536168          49814757          24238139
  4262515020000                     5299511            337827           2830440           7792124
  4272515040000                    15660039          44383560          45330964          16607443
  4282515060000                         000           1078560           1162560             84000
  4292515090000                         000            736221            490793           -245428
  4302516000000                    16050408          30416508          25967119          11601019
  4312516010000                     5377621          10170249           7265040           2472412
  4322516020000                    10672787          20246259          18702079           9128607
  4332517000000                    17664551          11515942          10363569          16512178
  4342517030000                    10409652           3539639           3579898          10449911
  4352517030100                     6119407               000               000           6119407
  4362517030200                       66761             66813             72726             72674
  4372517030300                     4223484           3472826           3507172           4257830
  4382517040000                     4161813           4147609           4032412           4046616
  4392517050000                     2277286           2486694           2029059           1819651
  4402517060000                      815800           1342000            722200            196000
  4412520000000                      552908            521537            583046            614417
  4422524000000                      128174              2229               747            126692
  4432524190000                      128174              2229               747            126692
  4442525000000                      325231              4186            166679            487724
  4452525020000                      325231              4186            166679            487724
  4462526000000                       99503            515122            415620               001
  4472526010000                       99503            513365            413863               001
  4482526020000                         000              1757              1757               000
  4492700000000                   944905638          34241406         107182914        1017847146
  4502702000000                    29791326          10615699          27206290          46381917
  4512702020000                    23256791            176850               000          23079941
  4522702090000                     6534535          10438849          27206290          23301976
  4532703000000                   915114312          23625707          79976624         971465229
  4542703040000                   915114312          23625707          79976624         971465229
  4552703040100                   891498490          23625707          79976624         947849407
  4562703040200                    23615822               000               000          23615822
  4572710000000                   934185858          34117457         107182914        1007251315
  4582712000000                    29591412          10613388          27206290          46184314
  4592712020000                    23256791            176850               000          23079941
  4602712090000                     6334621          10436538          27206290          23104373
  4612713000000                   904594446          23504069          79976624         961067001
  4622713040000                   904594446          23504069          79976624         961067001
  4632713040100                   880978624          23504069          79976624         937451179
  4642713040200                    23615822               000               000          23615822
  4652720000000                    10719780            123949               000          10595831
  4662722000000                      199914              2311               000            197603
  4672722090000                      199914              2311               000            197603
  4682723000000                    10519866            121638               000          10398228
  4692723040000                    10519866            121638               000          10398228
  4702723040100                    10519866            121638               000          10398228
  4712900000000                    32998977        1864645572        1861299927          29653332
  4722901000000                      155465         221436978         221435180            153667
  4732901010000                         003               000               000               003
  4742901010400                         003               000               000               003
  4752901070000                      155462         221436978         221435180            153664
  4762901070200                      155462         221436978         221435180            153664
  4772901070201                      155462         221436978         221435180            153664
  4782902000000                     3512652               000            272228           3784880
  4792902010000                     3512652               000            272228           3784880
  4802908000000                    29330860        1642650959        1639034884          25714785
  4812908040000                         000             55606             55606               000
  4822908060000                    29314963          28508694          24892620          25698889
  4832908070000                         000        1600498034        1600498033              -001
  4842908090000                       15897          13588625          13588625             15897
  4852909000000                         000            557635            557635               000
  4862909010000                         000            557635            557635               000
  4872910000000                    32998967        1853934131        1850588486          29653322
  4882911000000                      155462         221436978         221435180            153664
  4892911070000                      155462         221436978         221435180            153664
  4902911070200                      155462         221436978         221435180            153664
  4912911070201                      155462         221436978         221435180            153664
  4922912000000                     3512645               000            272228           3784873
  4932912010000                     3512645               000            272228           3784873
  4942918000000                    29330860        1632497153        1628881078          25714785
  4952918040000                         000             55606             55606               000
  4962918060000                    29314963          28508538          24892464          25698889
  4972918070000                         000        1600402286        1600402285              -001
  4982918090000                       15897           3530723           3530723             15897
  4992920000000                         010          10711441          10711441               010
  5002921000000                         003               000               000               003
  5012921010000                         003               000               000               003
  5022921010400                         003               000               000               003
  5032922000000                         007               000               000               007
  5042922010000                         007               000               000               007
  5052928000000                         000          10153806          10153806               000
  5062928060000                         000               156               156               000
  5072928070000                         000             95748             95748               000
  5082928090000                         000          10057902          10057902               000
  5092929000000                         000            557635            557635               000
  5102929010000                         000            557635            557635               000
  5113000000000                  5620648653         396160455         490567631        5715055829
  5123010000000                  5620648653         396160455         490567631        5715055829
  5133100000000                  4234265022          28607012          80916293        4286574303
  5143101000000                  4234265022          28607012          80916293        4286574303
  5153101010000                  4234265022          28607012          80916293        4286574303
  5163110000000                  4234265022          28607012          80916293        4286574303
  5173111000000                  4234265022          28607012          80916293        4286574303
  5183111010000                  4234265022          28607012          80916293        4286574303
  5193300000000                  1018830188               000               000        1018830188
  5203301000000                   676904745               000               000         676904745
  5213301020000                   639839094               000               000         639839094
  5223301090000                    37065651               000               000          37065651
  5233303000000                   341925443               000               000         341925443
  5243303020000                   341925443               000               000         341925443
  5253310000000                  1018830188               000               000        1018830188
  5263311000000                   676904745               000               000         676904745
  5273311020000                   639839094               000               000         639839094
  5283311090000                    37065651               000               000          37065651
  5293313000000                   341925443               000               000         341925443
  5303313020000                   341925443               000               000         341925443
  5313800000000                         000               000         367553443         367553443
  5323801000000                         000               000         367553443         367553443
  5333801020000                         000               000         367553443         367553443
  5343810000000                         000               000         367553443         367553443
  5353811000000                         000               000         367553443         367553443
  5363811020000                         000               000         367553443         367553443
  5373900000000                   367553443         367553443          42097895          42097895
  5383901000000                   367553443         367553443          42097895          42097895
  5393901020000                   367553443         367553443          42097895          42097895
  5403910000000                   367553443         367553443          42097895          42097895
  5413911000000                   367553443         367553443          42097895          42097895
  5423911020000                   367553443         367553443          42097895          42097895
  5434000000000                         000         168346882           7960455         160386427
  5444010000000                         000         155480505           7949744         147530761
  5454020000000                         000          12866377             10711          12855666
  5464100000000                         000          46893946           4068818          42825128
  5474101000000                         000          34312150           3965686          30346464
  5484101020000                         000           2233709               270           2233439
  5494101020100                         000           2233709               270           2233439
  5504101030000                         000          32078441           3965416          28113025
  5514101030100                         000          31988501           3965416          28023085
  5524101030300                         000             89940               000             89940
  5534107000000                         000            497433            103132            394301
  5544107030000                         000             71144              4850             66294
  5554107090000                         000            426289             98282            328007
  5564108000000                         000          12084363               000          12084363
  5574108040000                         000          12084363               000          12084363
  5584108040900                         000          12084363               000          12084363
  5594110000000                         000          34193823           4058107          30135716
  5604111000000                         000          33729501           3954975          29774526
  5614111020000                         000           2063094               270           2062824
  5624111020100                         000           2063094               270           2062824
  5634111030000                         000          31666407           3954705          27711702
  5644111030100                         000          31576467           3954705          27621762
  5654111030300                         000             89940               000             89940
  5664117000000                         000            445714            103132            342582
  5674117030000                         000             62917              4850             58067
  5684117090000                         000            382797             98282            284515
  5694118000000                         000             18608               000             18608
  5704118040000                         000             18608               000             18608
  5714118040900                         000             18608               000             18608
  5724120000000                         000          12700123             10711          12689412
  5734121000000                         000            582649             10711            571938
  5744121020000                         000            170615               000            170615
  5754121020100                         000            170615               000            170615
  5764121030000                         000            412034             10711            401323
  5774121030100                         000            412034             10711            401323
  5784127000000                         000             51719               000             51719
  5794127030000                         000              8227               000              8227
  5804127090000                         000             43492               000             43492
  5814128000000                         000          12065755               000          12065755
  5824128040000                         000          12065755               000          12065755
  5834128040900                         000          12065755               000          12065755
  5844300000000                         000          27537068               000          27537068
  5854302000000                         000          27537068               000          27537068
  5864302020000                         000          13555756               000          13555756
  5874302020100                         000          12716498               000          12716498
  5884302020200                         000            839258               000            839258
  5894302020201                         000            839258               000            839258
  5904302030000                         000           6589321               000           6589321
  5914302030100                         000           6259926               000           6259926
  5924302030200                         000            329395               000            329395
  5934302030201                         000            329395               000            329395
  5944302120000                         000           1025685               000           1025685
  5954302120100                         000           1025685               000           1025685
  5964302130000                         000           6366306               000           6366306
  5974302130100                         000           6319565               000           6319565
  5984302130200                         000             46741               000             46741
  5994302130201                         000             46741               000             46741
  6004310000000                         000          27537068               000          27537068
  6014312000000                         000          27537068               000          27537068
  6024312020000                         000          13555756               000          13555756
  6034312020100                         000          12716498               000          12716498
  6044312020200                         000            839258               000            839258
  6054312020201                         000            839258               000            839258
  6064312030000                         000           6589321               000           6589321
  6074312030100                         000           6259926               000           6259926
  6084312030200                         000            329395               000            329395
  6094312030201                         000            329395               000            329395
  6104312120000                         000           1025685               000           1025685
  6114312120100                         000           1025685               000           1025685
  6124312130000                         000           6366306               000           6366306
  6134312130100                         000           6319565               000           6319565
  6144312130200                         000             46741               000             46741
  6154312130201                         000             46741               000             46741
  6164400000000                         000           8829219               000           8829219
  6174401000000                         000           7982223               000           7982223
  6184401020000                         000           3500492               000           3500492
  6194401030000                         000           3348942               000           3348942
  6204401040000                         000            623996               000            623996
  6214401070000                         000            508793               000            508793
  6224403000000                         000            846996               000            846996
  6234403030000                         000            846996               000            846996
  6244410000000                         000           8829219               000           8829219
  6254411000000                         000           7982223               000           7982223
  6264411020000                         000           3500492               000           3500492
  6274411030000                         000           3348942               000           3348942
  6284411040000                         000            623996               000            623996
  6294411070000                         000            508793               000            508793
  6304413000000                         000            846996               000            846996
  6314413030000                         000            846996               000            846996
  6324500000000                         000          84107149           2912137          81195012
  6334501000000                         000          58451264            926347          57524917
  6344501010000                         000          41582778            413961          41168817
  6354501010100                         000          28771825               000          28771825
  6364501010200                         000           5596250              8000           5588250
  6374501010300                         000           6307312            405961           5901351
  6384501010400                         000            879315               000            879315
  6394501010600                         000             28076               000             28076
  6404501020000                         000           5464069               000           5464069
  6414501030000                         000            353352            113240            240112
  6424501040000                         000           3548791             52396           3496395
  6434501050000                         000           2996694               000           2996694
  6444501090000                         000           4505580            346750           4158830
  6454501090100                         000             60050              4750             55300
  6464501090200                         000           3152134               000           3152134
  6474501090300                         000             30000               000             30000
  6484501090400                         000             85000               000             85000
  6494501090500                         000            296210              1000            295210
  6504501090900                         000            882186            341000            541186
  6514502000000                         000           1427360              1600           1425760
  6524502010000                         000           1092000               000           1092000
  6534502010100                         000            420000               000            420000
  6544502010200                         000            252000               000            252000
  6554502010300                         000            168000               000            168000
  6564502010400                         000            252000               000            252000
  6574502030000                         000             92670               000             92670
  6584502030100                         000             92670               000             92670
  6594502060000                         000             83890              1600             82290
  6604502060100                         000             72190              1600             70590
  6614502060400                         000             11700               000             11700
  6624502070000                         000             58800               000             58800
  6634502070100                         000             55000               000             55000
  6644502070400                         000              3800               000              3800
  6654502080000                         000             40000               000             40000
  6664502090000                         000             60000               000             60000
  6674503000000                         000          23684169           1952690          21731479
  6684503010000                         000          23684169           1952690          21731479
  6694503010100                         000            330585            141000            189585
  6704503010200                         000            820049            111290            708759
  6714503010300                         000           3962556               000           3962556
  6724503010500                         000            452077               000            452077
  6734503010600                         000            157810               000            157810
  6744503010700                         000           3053641            818517           2235124
  6754503010800                         000            602000             20000            582000
  6764503010900                         000           1061645              3416           1058229
  6774503011000                         000           1892500               000           1892500
  6784503011100                         000           3944990             12884           3932106
  6794503011200                         000             39130               000             39130
  6804503011300                         000            228050             28000            200050
  6814503011400                         000              5000               000              5000
  6824503011500                         000            168296               000            168296
  6834503011700                         000           2191122            655122           1536000
  6844503011900                         000           3304086               000           3304086
  6854503012300                         000            208400               000            208400
  6864503012900                         000           1262232            162461           1099771
  6874504000000                         000            226923             31500            195423
  6884504030000                         000            127889               000            127889
  6894504090000                         000             99034             31500             67534
  6904505000000                         000            317433               000            317433
  6914505010000                         000             68433               000             68433
  6924505010300                         000             67583               000             67583
  6934505010900                         000               850               000               850
  6944505020000                         000            249000               000            249000
  6954505020900                         000            249000               000            249000
  6964510000000                         000          83940895           2912137          81028758
  6974511000000                         000          58285010            926347          57358663
  6984511010000                         000          41582778            413961          41168817
  6994511010100                         000          28771825               000          28771825
  7004511010200                         000           5596250              8000           5588250
  7014511010300                         000           6307312            405961           5901351
  7024511010400                         000            879315               000            879315
  7034511010600                         000             28076               000             28076
  7044511020000                         000           5464069               000           5464069
  7054511030000                         000            353352            113240            240112
  7064511040000                         000           3548791             52396           3496395
  7074511050000                         000           2830440               000           2830440
  7084511090000                         000           4505580            346750           4158830
  7094511090100                         000             60050              4750             55300
  7104511090200                         000           3152134               000           3152134
  7114511090300                         000             30000               000             30000
  7124511090400                         000             85000               000             85000
  7134511090500                         000            296210              1000            295210
  7144511090900                         000            882186            341000            541186
  7154512000000                         000           1427360              1600           1425760
  7164512010000                         000           1092000               000           1092000
  7174512010100                         000            420000               000            420000
  7184512010200                         000            252000               000            252000
  7194512010300                         000            168000               000            168000
  7204512010400                         000            252000               000            252000
  7214512030000                         000             92670               000             92670
  7224512030100                         000             92670               000             92670
  7234512060000                         000             83890              1600             82290
  7244512060100                         000             72190              1600             70590
  7254512060400                         000             11700               000             11700
  7264512070000                         000             58800               000             58800
  7274512070100                         000             55000               000             55000
  7284512070400                         000              3800               000              3800
  7294512080000                         000             40000               000             40000
  7304512090000                         000             60000               000             60000
  7314513000000                         000          23684169           1952690          21731479
  7324513010000                         000          23684169           1952690          21731479
  7334513010100                         000            330585            141000            189585
  7344513010200                         000            820049            111290            708759
  7354513010300                         000           3962556               000           3962556
  7364513010500                         000            452077               000            452077
  7374513010600                         000            157810               000            157810
  7384513010700                         000           3053641            818517           2235124
  7394513010800                         000            602000             20000            582000
  7404513010900                         000           1061645              3416           1058229
  7414513011000                         000           1892500               000           1892500
  7424513011100                         000           3944990             12884           3932106
  7434513011200                         000             39130               000             39130
  7444513011300                         000            228050             28000            200050
  7454513011400                         000              5000               000              5000
  7464513011500                         000            168296               000            168296
  7474513011700                         000           2191122            655122           1536000
  7484513011900                         000           3304086               000           3304086
  7494513012300                         000            208400               000            208400
  7504513012900                         000           1262232            162461           1099771
  7514514000000                         000            226923             31500            195423
  7524514030000                         000            127889               000            127889
  7534514090000                         000             99034             31500             67534
  7544515000000                         000            317433               000            317433
  7554515010000                         000             68433               000             68433
  7564515010300                         000             67583               000             67583
  7574515010900                         000               850               000               850
  7584515020000                         000            249000               000            249000
  7594515020900                         000            249000               000            249000
  7604520000000                         000            166254               000            166254
  7614521000000                         000            166254               000            166254
  7624521050000                         000            166254               000            166254
  7634600000000                         000            979500            979500               000
  7644609000000                         000            979500            979500               000
  7654610000000                         000            979500            979500               000
  7664619000000                         000            979500            979500               000
  7675000000000                         000          12679303         216563625         203884322
  7685010000000                         000          12663945         203268171         190604226
  7695020000000                         000             15358          13295454          13280096
  7705100000000                         000          12491679         207706502         195214823
  7715101000000                         000           1993754           6877259           4883505
  7725101030000                         000              1482           4884987           4883505
  7735101030100                         000              1482           4781455           4779973
  7745101030300                         000               000            103532            103532
  7755101070000                         000           1992272           1992272               000
  7765101070900                         000           1992272           1992272               000
  7775104000000                         000          10497925         188538981         178041056
  7785104010000                         000          10279761         172496382         162216621
  7795104010200                         000            483867          49339654          48855787
  7805104010206                         000            483867          49339654          48855787
  7815104010300                         000           7136555          82481256          75344701
  7825104010306                         000           7136555          82481256          75344701
  7835104010400                         000             68393           1168770           1100377
  7845104010406                         000             68393           1168770           1100377
  7855104011200                         000             40921            267116            226195
  7865104011206                         000             40921            267116            226195
  7875104011300                         000           2550025          39239586          36689561
  7885104011306                         000           2550025          39239586          36689561
  7895104050000                         000            218164          14260434          14042270
  7905104050200                         000               000           3913014           3913014
  7915104050300                         000            218164           7602878           7384714
  7925104050400                         000               000            258835            258835
  7935104051300                         000               000           2485707           2485707
  7945104060000                         000               000           1782165           1782165
  7955104060200                         000               000            438729            438729
  7965104060300                         000               000            300758            300758
  7975104060400                         000               000             58170             58170
  7985104061300                         000               000            984508            984508
  7995108000000                         000               000          11890208          11890208
  8005108040000                         000               000          11890208          11890208
  8015108040900                         000               000          11890208          11890208
  8025109000000                         000               000            400054            400054
  8035109030000                         000               000            190445            190445
  8045109270000                         000               000            209609            209609
  8055110000000                         000          12478413         194420115         181941702
  8065111000000                         000           1993754           5551571           3557817
  8075111030000                         000              1482           3559299           3557817
  8085111030100                         000              1482           3455767           3454285
  8095111030300                         000               000            103532            103532
  8105111070000                         000           1992272           1992272               000
  8115111070900                         000           1992272           1992272               000
  8125114000000                         000          10484659         188468490         177983831
  8135114010000                         000          10266495         172425891         162159396
  8145114010200                         000            483867          49339654          48855787
  8155114010206                         000            483867          49339654          48855787
  8165114010300                         000           7136555          82481256          75344701
  8175114010306                         000           7136555          82481256          75344701
  8185114010400                         000             68393           1168770           1100377
  8195114010406                         000             68393           1168770           1100377
  8205114011200                         000             27655            196625            168970
  8215114011206                         000             27655            196625            168970
  8225114011300                         000           2550025          39239586          36689561
  8235114011306                         000           2550025          39239586          36689561
  8245114050000                         000            218164          14260434          14042270
  8255114050200                         000               000           3913014           3913014
  8265114050300                         000            218164           7602878           7384714
  8275114050400                         000               000            258835            258835
  8285114051300                         000               000           2485707           2485707
  8295114060000                         000               000           1782165           1782165
  8305114060200                         000               000            438729            438729
  8315114060300                         000               000            300758            300758
  8325114060400                         000               000             58170             58170
  8335114061300                         000               000            984508            984508
  8345119000000                         000               000            400054            400054
  8355119030000                         000               000            190445            190445
  8365119270000                         000               000            209609            209609
  8375120000000                         000             13266          13286387          13273121
  8385121000000                         000               000           1325688           1325688
  8395121030000                         000               000           1325688           1325688
  8405121030100                         000               000           1325688           1325688
  8415124000000                         000             13266             70491             57225
  8425124010000                         000             13266             70491             57225
  8435124011200                         000             13266             70491             57225
  8445124011206                         000             13266             70491             57225
  8455128000000                         000               000          11890208          11890208
  8465128040000                         000               000          11890208          11890208
  8475128040900                         000               000          11890208          11890208
  8485200000000                         000             33450           1754171           1720721
  8495202000000                         000             33450           1618577           1585127
  8505202290000                         000             33450           1618577           1585127
  8515203000000                         000               000            135594            135594
  8525203010000                         000               000            135594            135594
  8535210000000                         000             33450           1754171           1720721
  8545212000000                         000             33450           1618577           1585127
  8555212290000                         000             33450           1618577           1585127
  8565213000000                         000               000            135594            135594
  8575213010000                         000               000            135594            135594
  8585400000000                         000             30384           3280405           3250021
  8595404000000                         000             30384           3280405           3250021
  8605404010000                         000             30384           3280405           3250021
  8615410000000                         000             28292           3271338           3243046
  8625414000000                         000             28292           3271338           3243046
  8635414010000                         000             28292           3271338           3243046
  8645420000000                         000              2092              9067              6975
  8655424000000                         000              2092              9067              6975
  8665424010000                         000              2092              9067              6975
  8675600000000                         000            123790           3822547           3698757
  8685609000000                         000            123790           3822547           3698757
  8695610000000                         000            123790           3822547           3698757
  8705619000000                         000            123790           3822547           3698757
  8716000000000                         000          43497895               000          43497895
  8726010000000                         000          43497895               000          43497895
  8736800000000                         000           1400000               000           1400000
  8746801000000                         000           1400000               000           1400000
  8756810000000                         000           1400000               000           1400000
  8766811000000                         000           1400000               000           1400000
  8776900000000                         000          42097895               000          42097895
  8786901000000                         000          42097895               000          42097895
  8796910000000                         000          42097895               000          42097895
  8806911000000                         000          42097895               000          42097895
  8818000000000                         021        2266976507        2266976507               021
  8828010000000                         022        2206184704        2206184704               022
  8838020000000                        -001          60791803          60791803              -001
  8848100000000                 16781080916        1182940347        1084036160       16879985103
  8858103000000                  1784227104           4945737            397499        1788775342
  8868103020000                   590789634               000            283995         590505639
  8878103040000                  1175641555               000            110340        1175531215
  8888103090000                    17795915           4945737              3164          22738488
  8898104000000                  1497885735          79993035               000        1577878770
  8908104020000                   438785312          17826958               000         456612270
  8918104030000                  1059100423          62166077               000        1121266500
  8928105000000                 11355306996               000               000       11355306996
  8938105010000                      -11200               000               000            -11200
  8948105060000                 11355318196               000               000       11355318196
  8958105060200                 11355318196               000               000       11355318196
  8968105060202                 11355318196               000               000       11355318196
  8978109000000                  2143661081        1098001575        1083638661        2158023995
  8988109010000                   777405105               000               000         777405105
  8998109290000                  1366255976        1098001575        1083638661        1380618890
  9008110000000                 16356008597        1151895552        1054289152       16453614997
  9018113000000                  1769170272           4945737            223309        1773892700
  9028113020000                   582326406               000            186106         582140300
  9038113040000                  1169326503               000             37203        1169289300
  9048113090000                    17517363           4945737               000          22463100
  9058114000000                  1497885652          79993035               000        1577878687
  9068114020000                   438785229          17826958               000         456612187
  9078114030000                  1059100423          62166077               000        1121266500
  9088115000000                 11355306996               000               000       11355306996
  9098115010000                      -11200               000               000            -11200
  9108115060000                 11355318196               000               000       11355318196
  9118115060200                 11355318196               000               000       11355318196
  9128115060202                 11355318196               000               000       11355318196
  9138119000000                  1733645677        1066956780        1054065843        1746536614
  9148119010000                   777405105               000               000         777405105
  9158119290000                   956240572        1066956780        1054065843         969131509
  9168120000000                   425072319          31044795          29747008         426370106
  9178123000000                    15056832               000            174190          14882642
  9188123020000                     8463228               000             97889           8365339
  9198123040000                     6315052               000             73137           6241915
  9208123090000                      278552               000              3164            275388
  9218124000000                         083               000               000               083
  9228124020000                         083               000               000               083
  9238129000000                   410015404          31044795          29572818         411487381
  9248129290000                   410015404          31044795          29572818         411487381
  9258200000000                 16781080895        1084036160        1182940347       16879985082
  9268210000000                 16356008575        1054289152        1151895552       16453614975
  9278220000000                   425072320          29747008          31044795         426370107
  9288300000000                 14346182540               000               000       14346182540
  9298310000000                 13253666032               000               000       13253666032
  9308320000000                  1092516508               000               000        1092516508
  9318400000000                 14346182540               000               000       14346182540
  9328405000000                 14346182540               000               000       14346182540
  9338405010000                  2786019231               000               000        2786019231
  9348405020000                 11557609823               000               000       11557609823
  9358405090000                     2553486               000               000           2553486
  9368410000000                 13253666032               000               000       13253666032
  9378415000000                 13253666032               000               000       13253666032
  9388415010000                  1703651428               000               000        1703651428
  9398415020000                 11549414604               000               000       11549414604
  9408415090000                      600000               000               000            600000
  9418420000000                  1092516508               000               000        1092516508
  9428425000000                  1092516508               000               000        1092516508
  9438425010000                  1082367803               000               000        1082367803
  9448425020000                     8195219               000               000           8195219
  9458425090000                     1953486               000               000           1953486
