1202030120220190131012              0
   100000000         214568390               000         214568390               000               000               000         214568390               000               000               000         214568390               000               000000000
   200000000               000               000               000               000               000               000               000               000               000               000               000               000               000000000
   300000000               000               000               000               000               000               000               000               000               000               000               000               000               000000000
   350000000               000               000               000               000               000               000               000               000               000               000               000               000               000000000
   375000000               000               000               000               000               000               000               000               000               000               000               000               000               000000000
   380000000               000               000               000               000               000               000               000               000               000               000               000               000               000000000
   400002000        3631060747               000        3631060747               000               000               000        3631060747               000               000               000        3631060747         726212149               000000000
   500005000         115133815           4134116         110999699               000               000               000         110999699               000               000               000         110999699          55499850               000000000
   600010000       14493253557        1626467306       12866786251               000               000               000       12866786251               000               000               000       12866786251       12866786251               000000000
   700000000               000               000               000               000               000               000               000               000               000               000               000       13648498250               000000000
   800000000               000               000               000               000               000               000               000               000               000               000               000                                 000000000
   900000000               000               000               000               000               000               000               000               000               000               000               000                                    000000
  1000000000               000               000               000               000               000               000               000               000               000               000               000               000               000001000
