1202030120220240229012              0
   100000000         396849440               000         396849440               000               000               000         396849440               000               000               000         396849440               000               000000000
   200000000               000               000               000               000               000               000               000               000               000               000               000               000               000000000
   300000000               000               000               000               000               000               000               000               000               000               000               000               000               000000000
   350000000               000               000               000               000               000               000               000               000               000               000               000               000               000000000
   375000000               000               000               000               000               000               000               000               000               000               000               000               000               000000000
   380000000               000               000               000               000               000               000               000               000               000               000               000               000               000000000
   400002000        4239686419               000        4239686419               000               000               000        4239686419               000               000               000        4239686419         847937284               000000000
   500005000          64074497           2414232          61660265               000               000               000          61660265               000               000               000          61660265          30830133               000000000
   600010000       14423325012        2401433475       12021891537               000               000        1036997398       10984894139               000               000               000       10984894139       10984894139               000000000
   700000000               000               000               000               000               000               000               000               000               000               000               000       11863661556               000000000
   800000000               000               000               000               000               000               000               000               000               000               000               000               000               000000000
   900000000               000               000               000               000               000               000               000               000               000               000               000       11863661556        1186366156000000
  1000000000               000               000               000               000               000               000               000               000               000               000               000               000               000001000
