1202030120220250131012              0
   100000000               000               000               000               000               000               000               000               000               000               000               000               000               000000000
   200000000               000               000               000               000               000               000               000               000               000               000               000               000               000000000
   300000000               000               000               000               000               000               000               000               000               000               000               000               000               000000000
   350000000               000               000               000               000               000               000               000               000               000               000               000               000               000000000
   375000000               000               000               000               000               000               000               000               000               000               000               000               000               000000000
   380000000               000               000               000               000               000               000               000               000               000               000               000               000               000000000
   400002000               000               000               000               000               000               000               000               000               000               000               000               000               000000000
   500005000               000               000               000               000               000               000               000               000               000               000               000               000               000000000
   600010000               000               000               000               000               000               000               000               000               000               000               000               000               000000000
   700000000               000               000               000               000               000               000               000               000               000               000               000               000               000000000
   800000000               000               000               000               000               000               000               000               000               000               000               000               000               000000000
   900000000               000               000               000               000               000               000               000               000               000               000               000               000               000000000
  1000000000               000               000               000               000               000               000               000               000               000               000               000               000               000001000
